m = 1000;
b = 50;
u = 500;
Ki = 65;
Kp = 1200;